1 0.39359 0.36461 0.45434 0.29650 0.50080 0.38984 0.44001 0.45791
2 0.41849 0.17166 0.46725 0.17139 0.46757 0.29865 0.41881 0.29892
2 0.51307 0.40133 0.57514 0.41117 0.56425 0.56548 0.50217 0.55564
3 0.66441 0.33491 0.73358 0.40407 0.68830 0.50602 0.61909 0.43685
3 0.54200 0.25292 0.61501 0.24092 0.62596 0.39020 0.55294 0.40224
0 0.55779 0.17455 0.61254 0.17903 0.60934 0.26715 0.55459 0.26267
3 0.33079 0.38421 0.42600 0.38421 0.42600 0.47251 0.33079 0.47251
0 0.56191 0.64166 0.56736 0.64166 0.56736 0.64404 0.56191 0.64404
0 0.17624 0.36132 0.32154 0.33010 0.33390 0.45960 0.18865 0.49082
0 0.45351 0.65919 0.55207 0.49586 0.68235 0.67279 0.58375 0.83616
